123456789122804051803.0283328
368546055102714053202.2051749
211316877080418044640.6474860
067430709052300105317.3218137
123456789081318035545.9814681
068484661090107050213.2442843
738938372123011064349.9116506
058388467102301043816.3536336
123456789041101055548.0572088
552172543052005054960.8515155
086288979062108125347.8159408
731031938102312102934.1062429
123456789011714113808.9832946
680799359061400082257.3127098
590501079060912090854.3497483
309844079082614080204.3177755
123456789111517053705.9028917
532565380122210053629.5180317
575804861102605012744.2676126
738414894042904086053.0377767
123456789090618081628.7697568
526945248030115022644.0223743
955906614072902065807.9683136
081689075122903063238.9728373
123456789101106036035.9163989
383038717080109112442.0907742
073562051090514061211.1444763
518985715031309071410.1650157
123456789010109084803.9796893
977150367021812110851.5106605
096452086063001101906.5886319
270561485020714021959.3234826
123456789070814054052.6388088
596086809032801045813.7588650
496725190021900061606.3178565
267988428041606080448.9664148
123456789052713060104.1253792
784164797092415091524.1060942
278520494121807081038.6051918
566308614021608111343.7185662
123456789111514084354.2753652
796226189012900015553.0727030
820309426051815120501.2569488
102143262060913055922.4628034
123456789122813104645.8459818
334474675012901090651.7200599
711711290062116032231.5342444
218585915052302032437.1506857
123456789050518023928.4335556
354931169020102105706.1857264
940214359031604013948.9422488
611047723072107112117.3692729
123456789011018060140.1013067
378351691121302060046.6142100
084728535020315055237.3338294
740458634071902074543.5527384
123456789021806093522.3952737
996713060101715073041.3687103
413555869112315033909.4148216
843097577030212031931.2953576
123456789071710054152.5053964
872838115032504105107.7306766
716479715062018010235.9280166
854270247061101081803.9921936
123456789090302114837.9745017
157787095011216120416.1899247
247416663010701062608.9996012
383998669120313095312.3771030
123456789071011071960.5136311
799096374081110074318.9340709
535550565032509033227.2233943
895033695040607064143.9189375
123456789020318066051.5786612
502513933062213011637.8775031
373183816010113015160.5818845
255267218040205030037.8327595
123456789012201045503.4335520
313721887103106114954.8121457
970286217061707093149.1441518
506839440030502110541.6301112
123456789040500041520.3484369
563236044062801081330.6420900
564290315111716081449.2677960
335290924052012123141.7571105
123456789011800055230.9761450
882380630032818033303.8548212
234143923121402031318.2221791
719362157101513020529.4684161
123456789092700022038.6670908
931209640011311011153.3242169
694686263061201025943.7759075
939499963092509090222.6006126
123456789111103012936.5615278
139459139012415025841.2422497
623040222030116061931.6036984
111062134030318080355.2720615
123456789050915111325.2243438
392607789110502050545.1219205
696867247072808010827.6343338
924738347013001081759.6672807
