123456789012115015314.0159508
673015539033006040120.0672985
176646964090105025106.1694033
399169389091708033243.6792947
123456789012215095457.8601422
590565451042617074724.7273490
471826201012204085316.6980371
104676379042705013522.9591377
123456789072813075321.1206719
242034792012714014608.0071688
782576086082115013004.8205135
199454510012204111411.2281142
123456789072007035043.8945768
775020381120402052446.2277281
141649341010408080530.8333091
689592836012705085024.2036221
123456789021216015860.6531809
180725794121313014227.7944662
565020684010705045115.9980861
645885391060106093325.7521874
123456789090200031833.4299407
961107628022000022348.5584774
531663475102604071825.8609211
885407550122308103750.2972275
123456789070807084236.6956051
421809705071714092509.0590017
738045723080111040141.3409405
718420327080700035001.7988533
123456789080213010910.8311515
574285879020306061738.3812186
066494331040202025301.5166703
386145721040916112641.9374813
123456789053117063918.8045031
441534799122514073922.7524233
704419416111111112210.8959707
931276164040415115060.0252716
123456789102107031759.3892698
445666364031114091458.6504689
144618206060102013160.1545251
625575221060200110331.9055826
123456789083115053603.7655483
005179503042103085008.8384357
550552764092417105657.8790814
087720086030513060845.6323876
123456789091609030705.2440515
267812653121904104225.4396022
229714098111412020132.8425850
990500676052505050409.9609610
123456789030610021119.2269653
205428019021807105016.2659280
252847347012808032446.9221004
063391207051304113031.5641589
123456789091501014514.1993583
341802727031518060727.2654167
580370849092112043138.0951422
994803697020710111330.6176770
123456789040908044238.8072420
175645669040309013808.2724551
252655040042407013937.9340769
419246532101010093528.8003163
123456789060405064800.8790803
361323883102609034926.0518908
577434856091400090939.3865557
445150285021811014301.9209979
123456789061211056020.8341329
553121032031603061039.2545473
734830652011312073411.6382802
202227409071107043433.0408042
123456789062514015714.3365102
154103765052309065625.3598275
545308337112113050029.2264217
251054681052604032507.0213410
123456789061812091512.4926286
879817795090203021119.9367307
459090847080804122748.9777822
345189719072700041242.6363531
123456789013116053919.5767626
720592167110214010213.8433622
865785066102400012826.5697284
429491452091710074427.9464187
123456789061104115227.7457498
776025406021910042320.0305126
251796608100200020714.4231235
225026118110112012814.0653579
123456789012713011515.1818430
393473509012414115707.4838894
638023267110700100808.1051518
058709176111102035128.2777860
123456789052503024060.6179030
358855306051011060350.2070455
025661471020714110744.1952805
787790383010418070342.2320520
123456789061318094032.3162938
379736184010314076023.8037270
503739131012412070537.9486004
055841740091407104627.8726802
123456789040312111157.8699659
714933895110604041939.4210897
340359082061513085924.2486441
433742276120415013057.9644237
